MOTIF AGGF1
PO	A	C	G	U
0	1.0	0.0	0.0	0.0
1	1.0	0.0	0.0	0.0
2	0.0	0.0	1.0	0.0
3	1.0	0.0	0.0	0.0
4	1.0	0.0	0.0	0.0
5	1.0	0.0	0.0	0.0
6	1.0	0.0	0.0	0.0
MOTIF AGGF1
PO	A	C	G	U
0	0.5	0.0	0.5	0.0
1	0.0	0.0	1.0	0.0
2	1.0	0.0	0.0	0.0
3	1.0	0.0	0.0	0.0
4	0.0	0.0	1.0	0.0
5	1.0	0.0	0.0	0.0
6	1.0	0.0	0.0	0.0
MOTIF AGGF1
PO	A	C	G	U
0	1.0	0.0	0.0	0.0
1	1.0	0.0	0.0	0.0
2	0.0	0.0	1.0	0.0
3	1.0	0.0	0.0	0.0
4	1.0	0.0	0.0	0.0
5	0.0	1.0	0.0	0.0
6	0.0	0.0	0.0	1.0
MOTIF AGGF1
PO	A	C	G	U
0	0.0	0.0	1.0	0.0
1	1.0	0.0	0.0	0.0
2	1.0	0.0	0.0	0.0
3	0.0	0.0	1.0	0.0
4	1.0	0.0	0.0	0.0
5	1.0	0.0	0.0	0.0
6	1.0	0.0	0.0	0.0
MOTIF AGGF1
PO	A	C	G	U
0	0.0	1.0	0.0	0.0
1	1.0	0.0	0.0	0.0
2	0.0	1.0	0.0	0.0
3	1.0	0.0	0.0	0.0
4	0.0	1.0	0.0	0.0
5	1.0	0.0	0.0	0.0
6	0.5	0.5	0.0	0.0
MOTIF AGGF1
PO	A	C	G	U
0	1.0	0.0	0.0	0.0
1	0.0	0.0	1.0	0.0
2	0.0	0.0	1.0	0.0
3	1.0	0.0	0.0	0.0
4	1.0	0.0	0.0	0.0
5	0.0	0.0	1.0	0.0
6	1.0	0.0	0.0	0.0
MOTIF AGGF1
PO	A	C	G	U
0	1.0	0.0	0.0	0.0
1	0.0	1.0	0.0	0.0
2	1.0	0.0	0.0	0.0
3	0.0	1.0	0.0	0.0
4	1.0	0.0	0.0	0.0
5	0.0	1.0	0.0	0.0
6	1.0	0.0	0.0	0.0
MOTIF AGGF1
PO	A	C	G	U
0	0.0	0.0	1.0	0.0
1	1.0	0.0	0.0	0.0
2	1.0	0.0	0.0	0.0
3	0.0	0.0	1.0	0.0
4	1.0	0.0	0.0	0.0
5	0.5	0.0	0.0	0.5
6	1.0	0.0	0.0	0.0
MOTIF AGGF1
PO	A	C	G	U
0	1.0	0.0	0.0	0.0
1	1.0	0.0	0.0	0.0
2	0.5	0.0	0.0	0.5
3	0.0	0.0	1.0	0.0
4	1.0	0.0	0.0	0.0
5	1.0	0.0	0.0	0.0
6	0.0	0.0	1.0	0.0
MOTIF BUD13
PO	A	C	G	U
0	0.0	0.0	0.0	1.0
1	0.0	0.0	0.0	1.0
2	0.0	0.0	0.0	1.0
3	0.0	1.0	0.0	0.0
4	1.0	0.0	0.0	0.0
5	0.0	0.0	1.0	0.0
6	0.0	0.0	1.0	0.0
MOTIF BUD13
PO	A	C	G	U
0	0.0	0.5	0.5	0.0
1	1.0	0.0	0.0	0.0
2	1.0	0.0	0.0	0.0
3	0.0	0.0	1.0	0.0
4	1.0	0.0	0.0	0.0
5	1.0	0.0	0.0	0.0
6	1.0	0.0	0.0	0.0
MOTIF BUD13
PO	A	C	G	U
0	0.0	0.0	0.0	1.0
1	0.0	0.0	0.0	1.0
2	0.0	1.0	0.0	0.0
3	0.0	0.0	1.0	0.0
4	1.0	0.0	0.0	0.0
5	1.0	0.0	0.0	0.0
6	0.0	1.0	0.0	0.0
MOTIF BUD13
PO	A	C	G	U
0	0.0	0.0	1.0	0.0
1	0.0	0.0	0.0	1.0
2	0.0	0.0	1.0	0.0
3	1.0	0.0	0.0	0.0
4	0.0	0.0	1.0	0.0
5	0.0	0.0	0.0	1.0
6	1.0	0.0	0.0	0.0
MOTIF BUD13
PO	A	C	G	U
0	1.0	0.0	0.0	0.0
1	0.0	0.0	1.0	0.0
2	0.0	0.0	1.0	0.0
3	0.0	0.0	0.0	1.0
4	1.0	0.0	0.0	0.0
5	1.0	0.0	0.0	0.0
6	0.0	0.0	1.0	0.0
MOTIF BUD13
PO	A	C	G	U
0	0.0	0.0	1.0	0.0
1	0.0	0.0	1.0	0.0
2	0.0	0.0	0.0	1.0
3	1.0	0.0	0.0	0.0
4	0.0	0.0	0.0	1.0
5	0.0	0.0	1.0	0.0
6	0.0	0.0	0.0	1.0
MOTIF BUD13
PO	A	C	G	U
0	0.0	0.0	0.0	1.0
1	0.0	0.0	1.0	0.0
2	1.0	0.0	0.0	0.0
3	0.0	0.0	0.0	1.0
4	0.0	0.0	1.0	0.0
5	0.0	0.0	1.0	0.0
6	1.0	0.0	0.0	0.0
MOTIF BUD13
PO	A	C	G	U
0	1.0	0.0	0.0	0.0
1	0.0	0.0	0.0	1.0
2	0.0	0.0	0.0	1.0
3	0.0	1.0	0.0	0.0
4	0.0	0.0	1.0	0.0
5	1.0	0.0	0.0	0.0
6	0.0	0.0	1.0	0.0
MOTIF BUD13
PO	A	C	G	U
0	0.0	0.0	1.0	0.0
1	0.0	0.0	0.0	1.0
2	1.0	0.0	0.0	0.0
3	1.0	0.0	0.0	0.0
4	0.0	0.0	1.0	0.0
5	0.0	0.0	0.0	1.0
6	1.0	0.0	0.0	0.0
MOTIF BUD13
PO	A	C	G	U
0	1.0	0.0	0.0	0.0
1	0.0	0.0	0.0	1.0
2	0.0	0.0	1.0	0.0
3	0.0	0.0	1.0	0.0
4	1.0	0.0	0.0	0.0
5	0.0	1.0	0.0	0.0
6	0.0	1.0	0.0	0.0
MOTIF BUD13
PO	A	C	G	U
0	0.0	1.0	0.0	0.0
1	1.0	0.0	0.0	0.0
2	0.0	0.0	1.0	0.0
3	0.0	0.0	1.0	0.0
4	0.0	0.0	0.0	1.0
5	0.5	0.0	0.5	0.0
6	1.0	0.0	0.0	0.0
MOTIF BUD13
PO	A	C	G	U
0	0.0	0.0	0.0	1.0
1	0.0	0.0	0.0	1.0
2	0.0	0.0	1.0	0.0
3	0.0	1.0	0.0	0.0
4	1.0	0.0	0.0	0.0
5	0.0	0.0	1.0	0.0
6	1.0	0.0	0.0	0.0
MOTIF BUD13
PO	A	C	G	U
0	0.0	0.0	0.0	1.0
1	0.0	0.0	0.0	1.0
2	0.0	0.0	0.0	1.0
3	0.0	0.0	1.0	0.0
4	0.0	1.0	0.0	0.0
5	1.0	0.0	0.0	0.0
6	0.0	0.0	1.0	0.0
MOTIF BUD13
PO	A	C	G	U
0	1.0	0.0	0.0	0.0
1	0.0	0.0	1.0	0.0
2	0.0	0.0	1.0	0.0
3	0.0	0.0	0.0	1.0
4	1.0	0.0	0.0	0.0
5	0.0	0.0	0.0	1.0
6	0.0	0.0	1.0	0.0
MOTIF BUD13
PO	A	C	G	U
0	0.0	1.0	0.0	0.0
1	1.0	0.0	0.0	0.0
2	0.0	0.0	1.0	0.0
3	0.0	0.0	1.0	0.0
4	0.0	0.0	0.0	1.0
5	1.0	0.0	0.0	0.0
6	1.0	0.0	0.0	0.0
MOTIF CSTF2T
PO	A	C	G	U
0	0.0	1.0	0.0	0.0
1	0.0	0.0	1.0	0.0
2	0.0	0.0	0.0	1.0
3	1.0	0.0	0.0	0.0
4	0.0	0.0	1.0	0.0
5	0.0	1.0	0.0	0.0
6	0.0	0.0	1.0	0.0
7	0.0	0.0	0.0	1.0
8	0.0	1.0	0.0	0.0
9	0.0	0.0	0.0	1.0
MOTIF CSTF2T
PO	A	C	G	U
0	0.0	0.0	1.0	0.0
1	0.0	0.0	1.0	0.0
2	0.0	0.0	1.0	0.0
3	1.0	0.0	0.0	0.0
4	0.0	0.0	1.0	0.0
5	1.0	0.0	0.0	0.0
6	0.0	0.0	1.0	0.0
MOTIF CSTF2T
PO	A	C	G	U
0	0.0	0.0	1.0	0.0
1	0.0	0.0	1.0	0.0
2	1.0	0.0	0.0	0.0
3	0.0	0.0	1.0	0.0
4	1.0	0.0	0.0	0.0
5	0.0	0.0	1.0	0.0
6	0.0	0.0	1.0	0.0
MOTIF CSTF2T
PO	A	C	G	U
0	0.0	0.0	1.0	0.0
1	0.0	0.0	1.0	0.0
2	0.0	0.0	1.0	0.0
3	1.0	0.0	0.0	0.0
4	0.0	0.0	1.0	0.0
5	0.0	0.0	1.0	0.0
6	0.0	1.0	0.0	0.0
MOTIF CSTF2T
PO	A	C	G	U
0	1.0	0.0	0.0	0.0
1	0.0	0.0	1.0	0.0
2	0.0	0.0	1.0	0.0
3	0.0	0.0	1.0	0.0
4	0.0	0.0	1.0	0.0
5	1.0	0.0	0.0	0.0
6	0.0	0.0	1.0	0.0
MOTIF CSTF2T
PO	A	C	G	U
0	0.0	0.5	0.5	0.0
1	1.0	0.0	0.0	0.0
2	0.0	0.0	1.0	0.0
3	1.0	0.0	0.0	0.0
4	0.0	0.0	1.0	0.0
5	0.0	0.0	1.0	0.0
6	0.0	0.0	1.0	0.0
MOTIF CSTF2T
PO	A	C	G	U
0	0.0	0.0	1.0	0.0
1	1.0	0.0	0.0	0.0
2	0.0	0.0	1.0	0.0
3	0.0	0.0	1.0	0.0
4	0.0	0.0	1.0	0.0
5	0.0	0.5	0.5	0.0
6	1.0	0.0	0.0	0.0
MOTIF CSTF2T
PO	A	C	G	U
0	0.0	0.0	1.0	0.0
1	0.0	1.0	0.0	0.0
2	1.0	0.0	0.0	0.0
3	0.0	0.0	1.0	0.0
4	0.0	0.0	1.0	0.0
5	0.0	0.0	1.0	0.0
6	1.0	0.0	0.0	0.0
MOTIF CSTF2T
PO	A	C	G	U
0	0.0	0.0	1.0	0.0
1	1.0	0.0	0.0	0.0
2	0.0	0.0	1.0	0.0
3	0.0	0.0	1.0	0.0
4	0.0	0.0	1.0	0.0
5	1.0	0.0	0.0	0.0
6	0.0	0.0	1.0	0.0
MOTIF DDX55
PO	A	C	G	U
0	1.0	0.0	0.0	0.0
1	0.0	1.0	0.0	0.0
2	0.0	0.0	0.0	1.0
3	0.0	0.0	0.0	1.0
4	0.0	0.0	0.0	1.0
5	0.0	0.0	1.0	0.0
6	0.0	0.0	0.0	1.0
MOTIF DDX55
PO	A	C	G	U
0	0.0	0.0	0.0	1.0
1	0.0	0.0	1.0	0.0
2	0.0	1.0	0.0	0.0
3	0.0	0.0	0.0	1.0
4	0.0	0.0	1.0	0.0
5	0.0	0.0	0.0	1.0
6	1.0	0.0	0.0	0.0
MOTIF DDX6
PO	A	C	G	U
0	0.0	0.0	0.0	1.0
1	0.0	0.0	0.0	1.0
2	0.0	0.0	1.0	0.0
3	0.0	0.0	0.0	1.0
4	1.0	0.0	0.0	0.0
5	0.0	1.0	0.0	0.0
6	1.0	0.0	0.0	0.0
MOTIF EFTUD2
PO	A	C	G	U
0	0.0	0.0	1.0	0.0
1	0.0	0.0	0.0	1.0
2	1.0	0.0	0.0	0.0
3	1.0	0.0	0.0	0.0
4	0.0	0.0	1.0	0.0
5	0.0	0.0	0.0	1.0
6	0.5	0.0	0.0	0.5
MOTIF EFTUD2
PO	A	C	G	U
0	0.0	0.0	0.0	1.0
1	1.0	0.0	0.0	0.0
2	1.0	0.0	0.0	0.0
3	0.0	0.0	1.0	0.0
4	0.0	0.0	0.0	1.0
5	1.0	0.0	0.0	0.0
6	0.5	0.0	0.0	0.5
MOTIF EFTUD2
PO	A	C	G	U
0	0.5	0.0	0.0	0.5
1	0.0	0.0	1.0	0.0
2	0.0	0.0	0.0	1.0
3	1.0	0.0	0.0	0.0
4	1.0	0.0	0.0	0.0
5	0.0	0.0	1.0	0.0
6	0.0	0.0	0.0	1.0
MOTIF EFTUD2
PO	A	C	G	U
0	0.0	0.0	1.0	0.0
1	0.0	0.0	1.0	0.0
2	0.0	0.0	0.0	1.0
3	1.0	0.0	0.0	0.0
4	0.0	0.0	0.0	1.0
5	0.0	0.0	1.0	0.0
6	0.0	0.0	0.0	1.0
MOTIF FAM120A
PO	A	C	G	U
0	0.0	1.0	0.0	0.0
1	0.0	0.0	0.0	1.0
2	0.0	0.0	1.0	0.0
3	0.0	0.0	1.0	0.0
4	0.0	0.0	1.0	0.0
5	0.0	0.0	1.0	0.0
6	0.0	0.0	1.0	0.0
MOTIF FAM120A
PO	A	C	G	U
0	0.0	1.0	0.0	0.0
1	0.0	0.0	1.0	0.0
2	0.0	0.0	0.0	1.0
3	0.0	0.0	1.0	0.0
4	0.0	0.0	1.0	0.0
5	0.0	0.0	1.0	0.0
6	0.0	0.0	1.0	0.0
MOTIF FAM120A
PO	A	C	G	U
0	0.0	0.0	0.0	1.0
1	1.0	0.0	0.0	0.0
2	0.0	0.0	1.0	0.0
3	0.0	1.0	0.0	0.0
4	0.0	1.0	0.0	0.0
5	0.0	1.0	0.0	0.0
6	0.0	1.0	0.0	0.0
MOTIF FAM120A
PO	A	C	G	U
0	0.0	0.0	1.0	0.0
1	0.0	0.0	1.0	0.0
2	0.0	0.0	1.0	0.0
3	0.0	0.0	1.0	0.0
4	0.0	1.0	0.0	0.0
5	0.0	0.0	1.0	0.0
6	0.0	1.0	0.0	0.0
MOTIF FAM120A
PO	A	C	G	U
0	0.0	0.0	1.0	0.0
1	0.0	0.0	1.0	0.0
2	0.0	1.0	0.0	0.0
3	0.0	0.0	1.0	0.0
4	0.0	0.0	1.0	0.0
5	0.0	0.0	1.0	0.0
6	0.0	0.0	1.0	0.0
MOTIF FAM120A
PO	A	C	G	U
0	1.0	0.0	0.0	0.0
1	1.0	0.0	0.0	0.0
2	0.0	0.0	0.0	1.0
3	0.0	1.0	0.0	0.0
4	0.0	1.0	0.0	0.0
5	0.0	1.0	0.0	0.0
6	0.0	0.0	0.0	1.0
MOTIF FAM120A
PO	A	C	G	U
0	0.0	0.0	1.0	0.0
1	0.0	0.0	1.0	0.0
2	0.0	0.0	1.0	0.0
3	1.0	0.0	0.0	0.0
4	0.0	0.0	1.0	0.0
5	0.0	0.0	1.0	0.0
6	0.0	1.0	0.0	0.0
MOTIF FAM120A
PO	A	C	G	U
0	0.0	0.0	1.0	0.0
1	0.0	1.0	0.0	0.0
2	0.0	0.0	1.0	0.0
3	0.0	0.0	1.0	0.0
4	0.0	0.0	1.0	0.0
5	0.0	0.0	1.0	0.0
6	0.0	0.0	0.0	1.0
MOTIF FAM120A
PO	A	C	G	U
0	0.0	0.0	1.0	0.0
1	1.0	0.0	0.0	0.0
2	0.0	0.0	1.0	0.0
3	0.0	0.0	1.0	0.0
4	0.0	0.0	1.0	0.0
5	0.0	0.0	1.0	0.0
6	1.0	0.0	0.0	0.0
MOTIF FAM120A
PO	A	C	G	U
0	0.0	0.0	1.0	0.0
1	0.5	0.0	0.5	0.0
2	0.0	0.0	1.0	0.0
3	0.0	0.0	1.0	0.0
4	0.0	0.0	1.0	0.0
5	1.0	0.0	0.0	0.0
6	0.0	0.0	1.0	0.0
MOTIF FAM120A
PO	A	C	G	U
0	0.0	0.0	1.0	0.0
1	0.0	0.0	1.0	0.0
2	0.0	0.0	1.0	0.0
3	0.0	0.0	1.0	0.0
4	1.0	0.0	0.0	0.0
5	0.0	0.0	1.0	0.0
6	0.0	0.0	1.0	0.0
MOTIF FASTKD2
PO	A	C	G	U
0	0.0	0.0	0.0	1.0
1	0.0	1.0	0.0	0.0
2	1.0	0.0	0.0	0.0
3	0.0	0.0	1.0	0.0
4	0.0	1.0	0.0	0.0
5	0.0	0.0	0.0	1.0
6	0.0	0.0	1.0	0.0
MOTIF FASTKD2
PO	A	C	G	U
0	0.0	1.0	0.0	0.0
1	0.0	0.0	0.0	1.0
2	0.0	0.0	1.0	0.0
3	0.0	0.0	1.0	0.0
4	1.0	0.0	0.0	0.0
5	0.0	1.0	0.0	0.0
6	1.0	0.0	0.0	0.0
MOTIF FASTKD2
PO	A	C	G	U
0	1.0	0.0	0.0	0.0
1	0.0	0.0	0.0	1.0
2	0.0	0.0	1.0	0.0
3	0.0	0.0	1.0	0.0
4	1.0	0.0	0.0	0.0
5	0.0	1.0	0.0	0.0
6	0.0	1.0	0.0	0.0
MOTIF FASTKD2
PO	A	C	G	U
0	0.0	0.0	0.0	1.0
1	0.0	0.0	1.0	0.0
2	1.0	0.0	0.0	0.0
3	0.0	0.0	0.0	1.0
4	0.0	0.0	1.0	0.0
5	0.0	0.0	1.0	0.0
6	0.0	1.0	0.0	0.0
MOTIF FASTKD2
PO	A	C	G	U
0	0.0	1.0	0.0	0.0
1	1.0	0.0	0.0	0.0
2	0.0	0.0	0.0	1.0
3	0.0	0.0	1.0	0.0
4	0.0	0.0	1.0	0.0
5	1.0	0.0	0.0	0.0
6	0.0	1.0	0.0	0.0
MOTIF FASTKD2
PO	A	C	G	U
0	0.0	0.0	0.0	1.0
1	0.0	0.0	1.0	0.0
2	0.0	1.0	0.0	0.0
3	0.0	0.0	1.0	0.0
4	0.0	1.0	0.0	0.0
5	0.0	0.0	0.0	1.0
6	0.0	0.0	0.0	1.0
MOTIF GRWD1
PO	A	C	G	U
0	0.0	0.0	0.0	1.0
1	0.0	0.0	1.0	0.0
2	0.0	0.0	1.0	0.0
3	1.0	0.0	0.0	0.0
4	0.0	1.0	0.0	0.0
5	0.5	0.5	0.0	0.0
6	1.0	0.0	0.0	0.0
MOTIF GRWD1
PO	A	C	G	U
0	1.0	0.0	0.0	0.0
1	1.0	0.0	0.0	0.0
2	0.0	0.0	1.0	0.0
3	1.0	0.0	0.0	0.0
4	1.0	0.0	0.0	0.0
5	0.0	1.0	0.0	0.0
6	0.0	1.0	0.0	0.0
MOTIF GRWD1
PO	A	C	G	U
0	0.0	0.0	1.0	0.0
1	0.0	0.0	1.0	0.0
2	1.0	0.0	0.0	0.0
3	0.0	1.0	0.0	0.0
4	1.0	0.0	0.0	0.0
5	0.0	0.0	0.0	1.0
6	0.0	1.0	0.0	0.0
MOTIF GRWD1
PO	A	C	G	U
0	0.0	0.0	0.0	1.0
1	0.0	0.0	1.0	0.0
2	1.0	0.0	0.0	0.0
3	0.0	0.0	0.0	1.0
4	0.0	0.0	1.0	0.0
5	0.0	0.0	1.0	0.0
6	1.0	0.0	0.0	0.0
MOTIF GRWD1
PO	A	C	G	U
0	0.0	1.0	0.0	0.0
1	1.0	0.0	0.0	0.0
2	0.0	0.0	0.0	1.0
3	0.0	1.0	0.0	0.0
4	0.0	0.0	1.0	0.0
5	1.0	0.0	0.0	0.0
6	0.0	0.0	1.0	0.0
MOTIF GRWD1
PO	A	C	G	U
0	0.0	1.0	0.0	0.0
1	0.0	0.0	0.0	1.0
2	0.0	0.0	1.0	0.0
3	0.0	0.0	1.0	0.0
4	1.0	0.0	0.0	0.0
5	0.0	1.0	0.0	0.0
6	1.0	0.0	0.0	0.0
MOTIF GRWD1
PO	A	C	G	U
0	1.0	0.0	0.0	0.0
1	0.0	0.0	0.0	1.0
2	0.0	0.0	1.0	0.0
3	0.0	0.0	1.0	0.0
4	1.0	0.0	0.0	0.0
5	0.0	1.0	0.0	0.0
6	0.0	1.0	0.0	0.0
MOTIF GRWD1
PO	A	C	G	U
0	0.0	1.0	0.0	0.0
1	1.0	0.0	0.0	0.0
2	1.0	0.0	0.0	0.0
3	0.0	0.0	1.0	0.0
4	0.0	1.0	0.0	0.0
5	1.0	0.0	0.0	0.0
6	1.0	0.0	0.0	0.0
MOTIF GRWD1
PO	A	C	G	U
0	0.0	1.0	0.0	0.0
1	1.0	0.0	0.0	0.0
2	0.0	0.0	0.0	1.0
3	0.0	0.0	1.0	0.0
4	0.0	0.0	1.0	0.0
5	1.0	0.0	0.0	0.0
6	0.0	1.0	0.0	0.0
MOTIF GTF2F1
PO	A	C	G	U
0	0.0	0.0	1.0	0.0
1	0.0	0.0	1.0	0.0
2	0.0	0.0	1.0	0.0
3	0.0	0.0	1.0	0.0
4	0.0	0.0	0.0	1.0
5	0.0	0.0	0.0	1.0
6	0.0	0.0	1.0	0.0
MOTIF GTF2F1
PO	A	C	G	U
0	0.0	0.0	1.0	0.0
1	0.0	0.0	1.0	0.0
2	0.0	0.0	1.0	0.0
3	0.0	0.0	0.0	1.0
4	0.0	0.0	1.0	0.0
5	0.0	0.0	1.0	0.0
6	0.0	0.0	0.0	1.0
MOTIF GTF2F1
PO	A	C	G	U
0	0.0	0.0	1.0	0.0
1	0.0	0.0	1.0	0.0
2	0.0	1.0	0.0	0.0
3	0.0	0.0	1.0	0.0
4	0.0	0.0	1.0	0.0
5	0.0	0.0	1.0	0.0
6	0.0	0.0	1.0	0.0
MOTIF GTF2F1
PO	A	C	G	U
0	0.0	0.0	1.0	0.0
1	0.0	0.0	1.0	0.0
2	0.0	0.0	0.0	1.0
3	0.0	0.0	1.0	0.0
4	0.0	0.0	1.0	0.0
5	0.0	0.0	1.0	0.0
6	0.0	0.0	0.0	1.0
MOTIF GTF2F1
PO	A	C	G	U
0	0.0	0.0	1.0	0.0
1	1.0	0.0	0.0	0.0
2	0.0	0.0	1.0	0.0
3	0.0	0.0	1.0	0.0
4	0.0	0.0	1.0	0.0
5	0.0	0.0	1.0	0.0
6	0.0	0.0	1.0	0.0
MOTIF GTF2F1
PO	A	C	G	U
0	0.0	0.0	1.0	0.0
1	0.0	0.0	1.0	0.0
2	0.0	0.0	1.0	0.0
3	0.0	0.0	0.0	1.0
4	0.0	0.0	0.0	1.0
5	0.0	0.0	1.0	0.0
6	0.0	0.0	1.0	0.0
MOTIF GTF2F1
PO	A	C	G	U
0	0.0	0.0	1.0	0.0
1	0.0	1.0	0.0	0.0
2	0.0	0.0	1.0	0.0
3	0.0	0.0	1.0	0.0
4	0.0	0.0	1.0	0.0
5	0.0	0.0	1.0	0.0
6	0.0	0.0	0.5	0.5
MOTIF GTF2F1
PO	A	C	G	U
0	0.0	0.0	0.0	1.0
1	0.0	0.0	1.0	0.0
2	0.0	0.0	1.0	0.0
3	0.0	0.0	1.0	0.0
4	1.0	0.0	0.0	0.0
5	0.5	0.0	0.5	0.0
6	0.0	0.0	1.0	0.0
MOTIF GTF2F1
PO	A	C	G	U
0	0.0	0.0	1.0	0.0
1	0.0	0.0	1.0	0.0
2	0.0	0.0	1.0	0.0
3	0.0	0.0	0.0	1.0
4	0.0	0.0	1.0	0.0
5	0.0	0.0	1.0	0.0
6	1.0	0.0	0.0	0.0
MOTIF GTF2F1
PO	A	C	G	U
0	0.0	0.0	0.0	1.0
1	0.0	0.0	1.0	0.0
2	0.0	0.0	1.0	0.0
3	0.0	0.0	1.0	0.0
4	0.0	0.0	1.0	0.0
5	0.0	0.0	1.0	0.0
6	1.0	0.0	0.0	0.0
MOTIF GTF2F1
PO	A	C	G	U
0	0.0	1.0	0.0	0.0
1	0.0	0.0	1.0	0.0
2	0.0	0.0	1.0	0.0
3	0.0	0.0	1.0	0.0
4	0.0	0.0	1.0	0.0
5	0.0	0.0	0.0	1.0
6	0.0	0.0	1.0	0.0
MOTIF GTF2F1
PO	A	C	G	U
0	0.0	0.0	1.0	0.0
1	0.0	0.0	1.0	0.0
2	0.0	0.0	1.0	0.0
3	0.0	0.0	1.0	0.0
4	0.0	1.0	0.0	0.0
5	0.0	0.0	1.0	0.0
6	0.0	0.0	1.0	0.0
MOTIF GTF2F1
PO	A	C	G	U
0	0.0	0.0	1.0	0.0
1	0.0	0.0	1.0	0.0
2	0.0	0.0	1.0	0.0
3	0.0	0.0	1.0	0.0
4	0.0	0.0	1.0	0.0
5	0.0	1.0	0.0	0.0
6	0.0	0.0	1.0	0.0
MOTIF GTF2F1
PO	A	C	G	U
0	0.0	0.0	1.0	0.0
1	1.0	0.0	0.0	0.0
2	0.0	0.0	0.0	1.0
3	0.0	0.0	1.0	0.0
4	0.0	0.0	1.0	0.0
5	0.0	0.0	1.0	0.0
6	0.0	0.0	1.0	0.0
MOTIF HNRNPA1
PO	A	C	G	U
0	0.0	0.0	0.0	0.0
1	0.0	0.0	0.0	1.0
2	1.0	0.0	0.0	0.0
3	0.0	0.0	1.0	0.0
4	0.0	0.0	1.0	0.0
5	0.0	0.0	1.0	0.0
6	0.5	0.0	0.0	0.5
MOTIF HNRNPA1
PO	A	C	G	U
0	0.0	0.0	1.0	0.0
1	0.0	0.0	0.0	1.0
2	1.0	0.0	0.0	0.0
3	0.0	0.0	1.0	0.0
4	0.0	0.0	0.0	1.0
5	1.0	0.0	0.0	0.0
6	0.0	0.0	1.0	0.0
7	0.0	0.0	0.0	1.0
MOTIF HNRNPA1
PO	A	C	G	U
0	0.5	0.0	0.5	0.0
1	0.0	0.0	1.0	0.0
2	0.0	0.0	0.0	0.0
3	0.0	0.5	0.0	0.5
4	1.0	0.0	0.0	0.0
5	0.0	0.0	1.0	0.0
MOTIF HNRNPC
PO	A	C	G	U
0	0.0	0.0	0.0	0.0
1	0.0	0.0	0.0	1.0
2	0.0	0.0	0.0	1.0
3	0.0	0.0	0.0	1.0
4	0.0	0.0	0.0	1.0
5	0.0	0.0	0.0	1.0
6	0.0	0.0	0.5	0.5
MOTIF HNRNPC
PO	A	C	G	U
0	0.0	0.0	0.0	1.0
1	0.0	0.0	0.0	1.0
2	0.0	0.0	0.0	1.0
3	0.0	0.0	0.0	1.0
4	0.0	0.0	0.0	1.0
MOTIF HNRNPK
PO	A	C	G	U
0	0.0	1.0	0.0	0.0
1	0.0	1.0	0.0	0.0
2	1.0	0.0	0.0	0.0
3	0.5	0.0	0.0	0.5
4	0.5	0.5	0.0	0.0
5	0.0	1.0	0.0	0.0
6	0.0	1.0	0.0	0.0
MOTIF HNRNPK
PO	A	C	G	U
0	0.0	1.0	0.0	0.0
1	1.0	0.0	0.0	0.0
2	0.0	1.0	0.0	0.0
3	0.0	0.0	1.0	0.0
4	0.0	1.0	0.0	0.0
MOTIF HNRNPK
PO	A	C	G	U
0	0.0	0.0	1.0	0.0
1	0.0	1.0	0.0	0.0
2	0.0	1.0	0.0	0.0
3	0.0	1.0	0.0	0.0
4	1.0	0.0	0.0	0.0
MOTIF HNRNPL
PO	A	C	G	U
0	1.0	0.0	0.0	0.0
1	0.0	1.0	0.0	0.0
2	1.0	0.0	0.0	0.0
3	0.0	1.0	0.0	0.0
4	0.5	0.0	0.5	0.0
5	1.0	0.0	0.0	0.0
6	0.0	0.0	0.0	0.0
MOTIF HNRNPL
PO	A	C	G	U
0	1.0	0.0	0.0	0.0
1	0.5	0.5	0.0	0.0
2	1.0	0.0	0.0	0.0
3	0.0	0.5	0.0	0.5
4	1.0	0.0	0.0	0.0
5	0.5	0.5	0.0	0.0
6	1.0	0.0	0.0	0.0
MOTIF HNRNPL
PO	A	C	G	U
0	0.0	0.0	0.0	1.0
1	1.0	0.0	0.0	0.0
2	0.0	1.0	0.0	0.0
3	1.0	0.0	0.0	0.0
4	0.0	1.0	0.0	0.0
5	1.0	0.0	0.0	0.0
MOTIF HNRNPM
PO	A	C	G	U
0	0.0	0.0	1.0	0.0
1	0.0	0.0	1.0	0.0
2	0.0	0.0	0.0	1.0
3	0.0	0.0	0.0	1.0
4	0.0	0.0	1.0	0.0
5	0.0	0.0	1.0	0.0
6	0.0	0.0	0.0	1.0
7	0.0	0.0	0.0	1.0
MOTIF HNRNPU
PO	A	C	G	U
0	0.0	0.0	0.0	1.0
1	0.0	0.0	1.0	0.0
2	0.0	0.0	0.0	1.0
3	1.0	0.0	0.0	0.0
4	0.0	0.0	0.0	1.0
5	0.0	0.0	0.0	1.0
6	0.0	0.0	1.0	0.0
MOTIF HNRNPUL1
PO	A	C	G	U
0	0.0	0.0	1.0	0.0
1	0.0	0.0	1.0	0.0
2	0.0	0.0	0.0	1.0
3	0.0	0.0	0.0	1.0
4	0.0	0.0	1.0	0.0
5	0.0	0.0	1.0	0.0
6	0.0	0.0	0.0	1.0
7	0.0	0.0	0.0	1.0
MOTIF IGF2BP1
PO	A	C	G	U
0	1.0	0.0	0.0	0.0
1	0.0	0.0	0.0	1.0
2	1.0	0.0	0.0	0.0
3	0.0	1.0	0.0	0.0
4	1.0	0.0	0.0	0.0
MOTIF ILF3
PO	A	C	G	U
0	0.0	0.0	1.0	0.0
1	0.0	1.0	0.0	0.0
2	0.0	1.0	0.0	0.0
3	0.0	1.0	0.0	0.0
4	0.0	0.0	0.0	1.0
5	0.0	0.0	1.0	0.0
6	0.0	0.0	0.0	1.0
MOTIF ILF3
PO	A	C	G	U
0	0.0	1.0	0.0	0.0
1	0.0	1.0	0.0	0.0
2	0.0	1.0	0.0	0.0
3	0.0	0.0	0.0	1.0
4	0.0	0.0	1.0	0.0
5	0.0	0.0	0.0	1.0
6	0.0	0.0	1.0	0.0
MOTIF ILF3
PO	A	C	G	U
0	0.0	0.0	1.0	0.0
1	1.0	0.0	0.0	0.0
2	0.0	0.0	1.0	0.0
3	0.0	1.0	0.0	0.0
4	0.0	1.0	0.0	0.0
5	0.0	0.0	0.0	1.0
6	0.0	1.0	0.0	0.0
MOTIF ILF3
PO	A	C	G	U
0	0.0	1.0	0.0	0.0
1	1.0	0.0	0.0	0.0
2	0.0	1.0	0.0	0.0
3	0.0	0.0	0.0	1.0
4	0.0	0.0	0.0	1.0
5	0.0	1.0	0.0	0.0
6	0.0	1.0	0.0	0.0
MOTIF ILF3
PO	A	C	G	U
0	0.0	1.0	0.0	0.0
1	1.0	0.0	0.0	0.0
2	0.0	0.0	0.0	1.0
3	0.0	1.0	0.0	0.0
4	0.0	1.0	0.0	0.0
5	0.0	1.0	0.0	0.0
6	0.0	0.0	0.0	1.0
MOTIF ILF3
PO	A	C	G	U
0	0.0	0.0	0.0	1.0
1	0.0	0.0	1.0	0.0
2	0.0	0.0	1.0	0.0
3	0.0	1.0	0.0	0.0
4	0.0	1.0	0.0	0.0
5	0.0	0.0	0.0	1.0
6	0.0	0.0	1.0	0.0
MOTIF ILF3
PO	A	C	G	U
0	1.0	0.0	0.0	0.0
1	0.0	0.0	0.0	1.0
2	0.0	1.0	0.0	0.0
3	0.0	1.0	0.0	0.0
4	0.0	1.0	0.0	0.0
5	0.0	0.0	0.0	1.0
6	0.0	0.0	1.0	0.0
MOTIF ILF3
PO	A	C	G	U
0	0.0	0.0	0.0	1.0
1	0.0	1.0	0.0	0.0
2	0.0	1.0	0.0	0.0
3	0.0	1.0	0.0	0.0
4	0.0	1.0	0.0	0.0
5	0.0	0.0	1.0	0.0
6	0.0	0.0	0.0	1.0
MOTIF ILF3
PO	A	C	G	U
0	0.0	1.0	0.0	0.0
1	0.0	1.0	0.0	0.0
2	0.0	1.0	0.0	0.0
3	0.0	0.0	0.0	1.0
4	0.0	0.0	0.0	1.0
5	0.0	1.0	0.0	0.0
6	0.0	0.0	0.0	1.0
MOTIF ILF3
PO	A	C	G	U
0	0.0	1.0	0.0	0.0
1	0.0	1.0	0.0	0.0
2	0.0	0.0	0.0	1.0
3	1.0	0.0	0.0	0.0
4	0.0	1.0	0.0	0.0
5	0.0	1.0	0.0	0.0
6	0.0	1.0	0.0	0.0
MOTIF ILF3
PO	A	C	G	U
0	0.0	0.5	0.5	0.0
1	0.0	0.0	0.0	1.0
2	0.0	0.0	1.0	0.0
3	0.0	0.0	1.0	0.0
4	0.0	1.0	0.0	0.0
5	0.0	1.0	0.0	0.0
6	0.0	0.0	0.0	1.0
MOTIF ILF3
PO	A	C	G	U
0	0.0	0.0	0.0	1.0
1	0.0	1.0	0.0	0.0
2	0.0	1.0	0.0	0.0
3	0.0	1.0	0.0	0.0
4	0.0	0.0	0.0	1.0
5	0.0	0.0	0.0	1.0
6	0.0	1.0	0.0	0.0
MOTIF ILF3
PO	A	C	G	U
0	0.0	1.0	0.0	0.0
1	0.0	1.0	0.0	0.0
2	0.0	1.0	0.0	0.0
3	0.0	0.0	0.0	1.0
4	0.0	1.0	0.0	0.0
5	0.0	0.0	0.0	1.0
6	0.0	0.0	0.0	1.0
MOTIF ILF3
PO	A	C	G	U
0	0.0	1.0	0.0	0.0
1	0.0	1.0	0.0	0.0
2	0.0	1.0	0.0	0.0
3	1.0	0.0	0.0	0.0
4	0.0	0.0	0.0	1.0
5	0.0	1.0	0.0	0.0
6	0.0	1.0	0.0	0.0
MOTIF ILF3
PO	A	C	G	U
0	0.0	1.0	0.0	0.0
1	0.0	1.0	0.0	0.0
2	0.0	1.0	0.0	0.0
3	0.0	0.0	0.0	1.0
4	0.0	0.0	1.0	0.0
5	0.0	0.0	1.0	0.0
6	0.0	0.0	0.0	1.0
MOTIF LARP4
PO	A	C	G	U
0	0.0	1.0	0.0	0.0
1	0.0	0.0	0.0	1.0
2	0.0	0.0	1.0	0.0
3	0.0	1.0	0.0	0.0
4	0.0	0.0	0.0	1.0
5	1.0	0.0	0.0	0.0
6	0.0	0.0	0.0	1.0
MOTIF LARP4
PO	A	C	G	U
0	0.0	0.0	0.0	1.0
1	1.0	0.0	0.0	0.0
2	0.0	0.0	0.0	1.0
3	0.0	0.0	1.0	0.0
4	0.0	1.0	0.0	0.0
5	0.0	0.0	0.0	1.0
6	0.0	1.0	0.0	0.0
MOTIF LARP4
PO	A	C	G	U
0	0.0	1.0	0.0	0.0
1	0.0	1.0	0.0	0.0
2	0.0	1.0	0.0	0.0
3	0.0	1.0	0.0	0.0
4	1.0	0.0	0.0	0.0
5	0.0	0.0	1.0	0.0
6	0.0	0.0	0.0	1.0
MOTIF LARP4
PO	A	C	G	U
0	0.0	1.0	0.0	0.0
1	1.0	0.0	0.0	0.0
2	0.0	0.0	0.0	1.0
3	0.0	0.0	0.0	1.0
4	0.0	0.0	1.0	0.0
5	0.0	0.0	0.0	1.0
6	0.0	0.0	1.0	0.0
MOTIF LARP4
PO	A	C	G	U
0	0.0	0.0	0.0	1.0
1	0.0	1.0	0.0	0.0
2	0.0	1.0	0.0	0.0
3	0.0	1.0	0.0	0.0
4	0.0	1.0	0.0	0.0
5	0.0	0.0	1.0	0.0
6	0.0	0.0	0.0	1.0
MOTIF LARP4
PO	A	C	G	U
0	0.0	1.0	0.0	0.0
1	0.0	0.0	1.0	0.0
2	1.0	0.0	0.0	0.0
3	0.0	0.0	0.0	1.0
4	0.0	1.0	0.0	0.0
5	0.0	0.0	0.0	1.0
6	0.0	0.0	0.0	1.0
MOTIF LARP4
PO	A	C	G	U
0	0.0	1.0	0.0	0.0
1	1.0	0.0	0.0	0.0
2	0.0	1.0	0.0	0.0
3	0.0	1.0	0.0	0.0
4	0.0	0.0	0.0	1.0
5	1.0	0.0	0.0	0.0
6	0.0	0.0	0.0	1.0
MOTIF LARP7
PO	A	C	G	U
0	0.0	0.0	1.0	0.0
1	0.5	0.0	0.5	0.0
2	0.0	0.0	0.0	1.0
3	0.0	1.0	0.0	0.0
4	0.0	0.0	1.0	0.0
5	0.0	0.0	0.0	1.0
6	0.0	0.0	1.0	0.0
7	1.0	0.0	0.0	0.0
8	0.0	0.0	0.0	1.0
9	0.0	0.0	1.0	0.0
MOTIF LIN28B
PO	A	C	G	U
0	0.0	0.0	1.0	0.0
1	0.0	0.0	1.0	0.0
2	1.0	0.0	0.0	0.0
3	0.0	0.0	1.0	0.0
4	1.0	0.0	0.0	0.0
MOTIF LIN28B
PO	A	C	G	U
0	0.0	0.0	0.0	1.0
1	0.0	0.0	1.0	0.0
2	0.0	0.0	1.0	0.0
3	0.0	0.0	0.0	1.0
4	0.0	0.0	1.0	0.0
5	1.0	0.0	0.0	0.0
6	0.0	0.0	0.0	1.0
MOTIF LIN28B
PO	A	C	G	U
0	0.0	0.0	0.5	0.5
1	1.0	0.0	0.0	0.0
2	0.0	0.0	0.0	1.0
3	0.0	0.0	1.0	0.0
4	1.0	0.0	0.0	0.0
5	0.0	0.0	0.0	1.0
6	1.0	0.0	0.0	0.0
MOTIF LIN28B
PO	A	C	G	U
0	1.0	0.0	0.0	0.0
1	0.0	0.0	0.0	1.0
2	0.0	0.0	1.0	0.0
3	1.0	0.0	0.0	0.0
4	0.0	0.0	0.0	1.0
5	0.5	0.0	0.5	0.0
6	0.0	1.0	0.0	0.0
MOTIF LIN28B
PO	A	C	G	U
0	0.0	0.0	1.0	0.0
1	1.0	0.0	0.0	0.0
2	0.0	0.0	1.0	0.0
3	1.0	0.0	0.0	0.0
4	0.0	0.0	0.0	1.0
5	1.0	0.0	0.0	0.0
6	0.0	0.0	0.0	1.0
MOTIF LIN28B
PO	A	C	G	U
0	0.0	0.0	0.0	1.0
1	0.0	0.0	1.0	0.0
2	1.0	0.0	0.0	0.0
3	0.0	0.0	0.0	1.0
4	1.0	0.0	0.0	0.0
5	0.0	1.0	0.0	0.0
6	0.0	1.0	0.0	0.0
MOTIF LIN28B
PO	A	C	G	U
0	0.0	0.0	1.0	0.0
1	1.0	0.0	0.0	0.0
2	0.0	0.0	1.0	0.0
3	0.0	0.0	0.0	1.0
4	0.0	0.0	1.0	0.0
5	1.0	0.0	0.0	0.0
6	0.0	0.0	0.0	1.0
MOTIF LIN28B
PO	A	C	G	U
0	0.0	0.0	1.0	0.0
1	0.0	0.0	0.0	1.0
2	1.0	0.0	0.0	0.0
3	0.0	0.0	0.0	1.0
4	0.0	0.0	1.0	0.0
5	1.0	0.0	0.0	0.0
6	0.0	0.0	0.0	1.0
MOTIF LIN28B
PO	A	C	G	U
0	0.0	0.0	0.0	1.0
1	0.0	0.0	1.0	0.0
2	1.0	0.0	0.0	0.0
3	0.0	0.0	0.0	1.0
4	0.0	0.0	1.0	0.0
5	0.0	0.0	1.0	0.0
6	1.0	0.0	0.0	0.0
MOTIF LIN28B
PO	A	C	G	U
0	1.0	0.0	0.0	0.0
1	0.0	0.0	0.0	1.0
2	0.0	0.0	1.0	0.0
3	1.0	0.0	0.0	0.0
4	0.0	0.0	0.0	1.0
5	1.0	0.0	0.0	0.0
6	0.0	0.5	0.0	0.5
MOTIF LIN28B
PO	A	C	G	U
0	0.0	0.0	1.0	0.0
1	0.0	0.0	0.0	1.0
2	0.0	0.0	1.0	0.0
3	1.0	0.0	0.0	0.0
4	0.0	0.0	0.0	1.0
5	0.0	0.0	0.0	1.0
6	0.0	0.0	1.0	0.0
MOTIF LIN28B
PO	A	C	G	U
0	0.0	0.0	1.0	0.0
1	1.0	0.0	0.0	0.0
2	0.0	0.0	1.0	0.0
3	1.0	0.0	0.0	0.0
4	0.0	0.0	0.0	1.0
5	0.0	0.0	0.0	1.0
6	0.0	1.0	0.0	0.0
MOTIF LSM11
PO	A	C	G	U
0	0.0	0.0	0.0	1.0
1	0.0	0.0	1.0	0.0
2	0.0	0.0	0.0	1.0
3	1.0	0.0	0.0	0.0
4	1.0	0.0	0.0	0.0
5	0.0	1.0	0.0	0.0
6	1.0	0.0	0.0	0.0
MOTIF LSM11
PO	A	C	G	U
0	0.0	0.0	1.0	0.0
1	0.0	1.0	0.0	0.0
2	0.0	0.0	0.0	1.0
3	0.0	0.0	1.0	0.0
4	0.0	0.0	0.0	1.0
5	1.0	0.0	0.0	0.0
6	1.0	0.0	0.0	0.0
MOTIF LSM11
PO	A	C	G	U
0	0.0	0.0	0.0	1.0
1	1.0	0.0	0.0	0.0
2	1.0	0.0	0.0	0.0
3	0.0	1.0	0.0	0.0
4	1.0	0.0	0.0	0.0
5	0.0	1.0	0.0	0.0
6	0.0	0.0	0.0	1.0
MOTIF LSM11
PO	A	C	G	U
0	0.0	0.0	1.0	0.0
1	1.0	0.0	0.0	0.0
2	0.0	0.0	1.0	0.0
3	0.0	1.0	0.0	0.0
4	0.0	0.0	0.0	1.0
5	0.0	0.0	1.0	0.0
6	0.0	0.0	0.0	1.0
MOTIF LSM11
PO	A	C	G	U
0	0.5	0.0	0.0	0.5
1	0.0	0.0	1.0	0.0
2	0.0	1.0	0.0	0.0
3	0.0	0.0	0.0	1.0
4	0.0	0.0	1.0	0.0
5	0.0	0.0	0.0	1.0
6	1.0	0.0	0.0	0.0
MOTIF LSM11
PO	A	C	G	U
0	0.0	0.0	0.0	1.0
1	1.0	0.0	0.0	0.0
2	0.0	0.0	0.0	1.0
3	0.0	0.0	1.0	0.0
4	0.0	1.0	0.0	0.0
5	0.0	0.0	1.0	0.0
6	0.0	0.0	0.0	1.0
MOTIF LSM11
PO	A	C	G	U
0	0.0	0.0	1.0	0.0
1	0.0	0.0	0.0	1.0
2	0.0	1.0	0.0	0.0
3	1.0	0.0	0.0	0.0
4	0.0	0.0	0.0	1.0
5	0.0	1.0	0.0	0.0
6	1.0	0.0	0.0	0.0
MOTIF LSM11
PO	A	C	G	U
0	1.0	0.0	0.0	0.0
1	0.0	0.0	1.0	0.0
2	1.0	0.0	0.0	0.0
3	0.0	0.0	1.0	0.0
4	0.0	1.0	0.0	0.0
5	0.0	0.0	0.0	1.0
6	0.0	0.0	1.0	0.0
MOTIF LSM11
PO	A	C	G	U
0	0.0	1.0	0.0	0.0
1	0.0	0.0	0.0	1.0
2	0.0	0.0	1.0	0.0
3	0.0	0.0	0.0	1.0
4	1.0	0.0	0.0	0.0
5	1.0	0.0	0.0	0.0
6	0.0	1.0	0.0	0.0
MOTIF LSM11
PO	A	C	G	U
0	0.0	0.0	1.0	0.0
1	0.0	0.0	1.0	0.0
2	1.0	0.0	0.0	0.0
3	0.0	1.0	0.0	0.0
4	1.0	0.0	0.0	0.0
5	0.0	0.0	0.0	1.0
6	0.0	0.0	0.0	1.0
MOTIF MATR3
PO	A	C	G	U
0	0.5	0.5	0.0	0.0
1	1.0	0.0	0.0	0.0
2	0.0	0.0	0.0	1.0
3	0.0	1.0	0.0	0.0
4	0.0	0.0	0.0	1.0
5	0.0	0.0	0.0	1.0
6	0.5	0.0	0.5	0.0
MOTIF NCBP2
PO	A	C	G	U
0	1.0	0.0	0.0	0.0
1	0.0	0.0	1.0	0.0
2	0.0	1.0	0.0	0.0
3	0.0	1.0	0.0	0.0
4	0.0	0.0	1.0	0.0
5	0.0	1.0	0.0	0.0
6	0.0	0.0	1.0	0.0
MOTIF NCBP2
PO	A	C	G	U
0	0.0	0.5	0.5	0.0
1	1.0	0.0	0.0	0.0
2	0.0	0.0	0.0	1.0
3	0.0	0.0	1.0	0.0
4	0.0	0.0	1.0	0.0
5	0.0	1.0	0.0	0.0
6	0.0	0.0	1.0	0.0
MOTIF NCBP2
PO	A	C	G	U
0	1.0	0.0	0.0	0.0
1	0.0	0.0	1.0	0.0
2	1.0	0.0	0.0	0.0
3	0.0	0.0	0.0	1.0
4	0.0	0.0	1.0	0.0
5	0.0	0.0	1.0	0.0
6	0.0	1.0	0.0	0.0
MOTIF NCBP2
PO	A	C	G	U
0	1.0	0.0	0.0	0.0
1	0.0	0.0	0.0	1.0
2	0.0	0.0	1.0	0.0
3	0.0	0.0	1.0	0.0
4	0.0	1.0	0.0	0.0
5	0.0	0.0	1.0	0.0
6	0.0	0.0	1.0	0.0
MOTIF NCBP2
PO	A	C	G	U
0	0.0	0.0	0.0	1.0
1	0.5	0.0	0.5	0.0
2	0.0	0.0	1.0	0.0
3	0.0	1.0	0.0	0.0
4	0.0	0.0	1.0	0.0
5	0.0	0.0	1.0	0.0
6	0.0	1.0	0.0	0.0
MOTIF NCBP2
PO	A	C	G	U
0	0.0	0.0	1.0	0.0
1	0.0	1.0	0.0	0.0
2	0.0	0.0	1.0	0.0
3	0.0	0.0	1.0	0.0
4	0.0	0.0	0.0	1.0
5	1.0	0.0	0.0	0.0
6	0.0	0.0	1.0	0.0
MOTIF NCBP2
PO	A	C	G	U
0	0.0	1.0	0.0	0.0
1	0.0	0.0	1.0	0.0
2	0.0	0.0	1.0	0.0
3	0.0	1.0	0.0	0.0
4	0.0	0.0	1.0	0.0
5	0.0	0.0	1.0	0.0
6	0.0	0.0	0.0	1.0
MOTIF PCBP1
PO	A	C	G	U
0	0.0	1.0	0.0	0.0
1	0.0	1.0	0.0	0.0
2	0.5	0.0	0.0	0.5
3	0.5	0.0	0.0	0.5
4	0.0	0.0	0.0	0.0
5	0.0	1.0	0.0	0.0
6	0.0	1.0	0.0	0.0
MOTIF PRPF8
PO	A	C	G	U
0	0.0	0.0	0.0	1.0
1	0.5	0.5	0.0	0.0
2	1.0	0.0	0.0	0.0
3	0.0	0.0	1.0	0.0
4	0.0	0.0	1.0	0.0
5	0.0	0.0	0.0	1.0
6	1.0	0.0	0.0	0.0
MOTIF PRPF8
PO	A	C	G	U
0	0.0	0.0	0.0	1.0
1	0.0	1.0	0.0	0.0
2	0.0	1.0	0.0	0.0
3	1.0	0.0	0.0	0.0
4	0.0	0.0	1.0	0.0
5	0.0	0.0	1.0	0.0
6	0.0	0.0	0.0	1.0
MOTIF PRPF8
PO	A	C	G	U
0	0.0	0.0	1.0	0.0
1	0.0	0.0	0.0	1.0
2	0.0	0.0	1.0	0.0
3	1.0	0.0	0.0	0.0
4	0.0	0.0	1.0	0.0
5	0.0	0.0	0.0	1.0
6	1.0	0.0	0.0	0.0
MOTIF PRPF8
PO	A	C	G	U
0	0.0	0.0	1.0	0.0
1	0.0	0.0	1.0	0.0
2	0.0	0.0	0.0	1.0
3	1.0	0.0	0.0	0.0
4	0.0	0.0	0.0	1.0
5	0.0	0.0	1.0	0.0
6	0.0	0.0	0.0	1.0
MOTIF PRPF8
PO	A	C	G	U
0	0.0	0.0	0.0	1.0
1	0.0	1.0	0.0	0.0
2	1.0	0.0	0.0	0.0
3	1.0	0.0	0.0	0.0
4	0.0	0.0	1.0	0.0
5	0.0	0.0	1.0	0.0
6	0.0	0.0	0.0	1.0
MOTIF PRPF8
PO	A	C	G	U
0	1.0	0.0	0.0	0.0
1	0.0	0.0	1.0	0.0
2	0.0	0.0	1.0	0.0
3	0.0	0.0	0.0	1.0
4	0.0	0.0	1.0	0.0
5	1.0	0.0	0.0	0.0
6	0.0	0.0	1.0	0.0
MOTIF PRPF8
PO	A	C	G	U
0	0.0	0.0	1.0	0.0
1	0.0	0.0	0.0	1.0
2	1.0	0.0	0.0	0.0
3	1.0	0.0	0.0	0.0
4	0.0	0.0	1.0	0.0
5	0.0	0.0	0.0	1.0
6	0.0	0.0	1.0	0.0
MOTIF PRPF8
PO	A	C	G	U
0	0.0	0.0	0.0	1.0
1	0.0	0.0	1.0	0.0
2	1.0	0.0	0.0	0.0
3	0.0	0.0	1.0	0.0
4	0.0	0.0	0.0	1.0
5	0.0	0.0	1.0	0.0
6	0.0	1.0	0.0	0.0
MOTIF PRPF8
PO	A	C	G	U
0	0.0	0.0	1.0	0.0
1	0.0	0.0	0.0	1.0
2	0.0	0.0	1.0	0.0
3	1.0	0.0	0.0	0.0
4	0.0	0.0	1.0	0.0
5	0.0	0.0	0.0	1.0
6	0.0	0.0	1.0	0.0
MOTIF PRPF8
PO	A	C	G	U
0	0.0	1.0	0.0	0.0
1	1.0	0.0	0.0	0.0
2	0.0	0.0	1.0	0.0
3	0.0	0.0	1.0	0.0
4	0.0	0.0	0.0	1.0
5	0.0	0.0	1.0	0.0
6	1.0	0.0	0.0	0.0
MOTIF PRPF8
PO	A	C	G	U
0	1.0	0.0	0.0	0.0
1	0.0	0.0	1.0	0.0
2	0.0	0.0	1.0	0.0
3	0.0	0.0	0.0	1.0
4	1.0	0.0	0.0	0.0
5	0.0	0.0	0.0	1.0
6	0.0	0.0	1.0	0.0
MOTIF PRPF8
PO	A	C	G	U
0	0.0	0.0	1.0	0.0
1	0.0	0.0	1.0	0.0
2	0.0	0.0	0.0	1.0
3	0.0	0.0	1.0	0.0
4	1.0	0.0	0.0	0.0
5	0.0	0.0	1.0	0.0
6	0.0	0.0	0.0	1.0
MOTIF PTBP1
PO	A	C	G	U
0	0.0	0.0	0.0	1.0
1	0.0	1.0	0.0	0.0
2	0.0	0.0	0.0	1.0
3	0.0	0.0	0.0	1.0
MOTIF PTBP1
PO	A	C	G	U
0	0.0	0.0	0.0	0.0
1	0.0	0.5	0.0	0.5
2	0.0	0.0	0.0	1.0
3	0.0	0.0	0.0	1.0
4	0.0	0.0	0.0	1.0
5	0.0	0.5	0.0	0.5
6	0.0	0.0	0.0	1.0
MOTIF QKI
PO	A	C	G	U
0	1.0	0.0	0.0	0.0
1	0.0	1.0	0.0	0.0
2	0.0	0.0	0.0	1.0
3	1.0	0.0	0.0	0.0
4	1.0	0.0	0.0	0.0
5	0.0	1.0	0.0	0.0
6	0.0	0.5	0.0	0.5
MOTIF RBFOX2
PO	A	C	G	U
0	0.0	0.0	1.0	0.0
1	0.0	1.0	0.0	0.0
2	1.0	0.0	0.0	0.0
3	0.0	0.0	0.0	1.0
4	0.0	0.0	1.0	0.0
MOTIF RBM15
PO	A	C	G	U
0	0.0	0.0	0.0	1.0
1	0.0	0.0	0.0	1.0
2	0.0	0.0	0.0	1.0
3	0.0	0.0	1.0	0.0
4	0.0	1.0	0.0	0.0
5	0.0	1.0	0.0	0.0
6	0.0	0.0	1.0	0.0
MOTIF RBM15
PO	A	C	G	U
0	0.0	0.0	0.0	1.0
1	0.0	0.0	0.0	1.0
2	0.0	0.0	1.0	0.0
3	0.0	1.0	0.0	0.0
4	1.0	0.0	0.0	0.0
5	1.0	0.0	0.0	0.0
6	0.0	1.0	0.0	0.0
MOTIF RBM15
PO	A	C	G	U
0	0.0	1.0	0.0	0.0
1	0.0	0.0	1.0	0.0
2	0.0	1.0	0.0	0.0
3	0.0	0.0	0.0	1.0
4	0.0	0.0	0.0	1.0
5	0.0	0.0	0.0	1.0
6	0.0	0.0	1.0	0.0
MOTIF RBM22
PO	A	C	G	U
0	1.0	0.0	0.0	0.0
1	0.0	1.0	0.0	0.0
2	0.0	0.0	1.0	0.0
3	0.0	0.0	1.0	0.0
MOTIF SF3B4
PO	A	C	G	U
0	0.0	0.0	0.0	1.0
1	0.0	1.0	0.0	0.0
2	0.0	0.0	0.0	1.0
3	1.0	0.0	0.0	0.0
4	0.0	0.0	1.0	0.0
5	0.0	0.0	1.0	0.0
6	0.0	0.0	0.0	1.0
MOTIF SF3B4
PO	A	C	G	U
0	0.0	1.0	0.0	0.0
1	0.0	0.0	0.0	1.0
2	0.0	0.0	0.0	1.0
3	0.0	0.0	0.5	0.5
4	0.0	1.0	0.0	0.0
5	1.0	0.0	0.0	0.0
6	0.0	0.0	1.0	0.0
MOTIF SF3B4
PO	A	C	G	U
0	0.0	1.0	0.0	0.0
1	0.0	0.0	0.0	1.0
2	0.0	1.0	0.0	0.0
3	0.0	0.0	0.0	1.0
4	0.0	0.0	1.0	0.0
5	1.0	0.0	0.0	0.0
6	0.0	1.0	0.0	0.0
MOTIF SF3B4
PO	A	C	G	U
0	0.0	0.0	0.0	1.0
1	0.0	0.0	0.0	1.0
2	0.0	0.0	0.0	1.0
3	0.0	1.0	0.0	0.0
4	1.0	0.0	0.0	0.0
5	0.0	0.0	1.0	0.0
6	0.0	0.0	1.0	0.0
MOTIF SF3B4
PO	A	C	G	U
0	0.0	0.0	0.0	1.0
1	0.0	1.0	0.0	0.0
2	0.0	0.0	0.0	1.0
3	0.0	0.0	1.0	0.0
4	1.0	0.0	0.0	0.0
5	0.0	1.0	0.0	0.0
6	0.0	0.5	0.0	0.5
MOTIF SF3B4
PO	A	C	G	U
0	0.0	0.0	0.0	1.0
1	0.0	0.0	1.0	0.0
2	0.5	0.0	0.0	0.5
3	0.0	1.0	0.0	0.0
4	0.0	0.0	0.0	1.0
5	0.0	1.0	0.0	0.0
6	0.0	0.0	0.0	1.0
MOTIF SF3B4
PO	A	C	G	U
0	0.0	0.0	0.0	1.0
1	0.0	0.0	0.0	1.0
2	0.0	0.0	0.0	1.0
3	1.0	0.0	0.0	0.0
4	0.0	1.0	0.0	0.0
5	1.0	0.0	0.0	0.0
6	0.0	0.0	1.0	0.0
MOTIF SF3B4
PO	A	C	G	U
0	0.0	1.0	0.0	0.0
1	0.0	0.0	0.0	1.0
2	0.0	0.0	1.0	0.0
3	1.0	0.0	0.0	0.0
4	0.0	1.0	0.0	0.0
5	0.0	0.0	0.0	1.0
6	0.0	1.0	0.0	0.0
MOTIF SF3B4
PO	A	C	G	U
0	0.0	0.0	0.0	1.0
1	0.0	0.0	0.0	1.0
2	0.0	0.0	0.5	0.5
3	0.0	1.0	0.0	0.0
4	1.0	0.0	0.0	0.0
5	0.0	0.0	1.0	0.0
6	0.0	0.0	1.0	0.0
MOTIF SMNDC1
PO	A	C	G	U
0	0.0	0.0	0.0	1.0
1	0.0	1.0	0.0	0.0
2	0.0	0.0	0.0	1.0
3	1.0	0.0	0.0	0.0
4	0.0	0.0	1.0	0.0
5	0.0	0.0	1.0	0.0
6	0.0	0.0	0.0	1.0
MOTIF SMNDC1
PO	A	C	G	U
0	0.0	1.0	0.0	0.0
1	0.0	0.0	0.0	1.0
2	1.0	0.0	0.0	0.0
3	1.0	0.0	0.0	0.0
4	0.0	1.0	0.0	0.0
5	1.0	0.0	0.0	0.0
6	0.0	0.0	0.0	1.0
MOTIF SMNDC1
PO	A	C	G	U
0	0.0	0.0	0.0	1.0
1	1.0	0.0	0.0	0.0
2	0.0	0.5	0.0	0.5
3	0.0	0.0	0.0	1.0
4	0.0	0.0	1.0	0.0
5	1.0	0.0	0.0	0.0
6	0.0	1.0	0.0	0.0
MOTIF SMNDC1
PO	A	C	G	U
0	0.0	1.0	0.0	0.0
1	0.0	0.0	0.0	1.0
2	0.0	0.0	1.0	0.0
3	1.0	0.0	0.0	0.0
4	0.0	1.0	0.0	0.0
5	1.0	0.0	0.0	0.0
6	0.0	1.0	0.0	0.0
MOTIF SMNDC1
PO	A	C	G	U
0	1.0	0.0	0.0	0.0
1	0.0	1.0	0.0	0.0
2	0.0	0.0	0.0	1.0
3	0.0	0.0	1.0	0.0
4	1.0	0.0	0.0	0.0
5	0.0	1.0	0.0	0.0
6	0.0	0.0	0.0	1.0
MOTIF SND1
PO	A	C	G	U
0	1.0	0.0	0.0	0.0
1	0.0	1.0	0.0	0.0
2	0.0	0.0	0.0	1.0
3	1.0	0.0	0.0	0.0
4	0.0	1.0	0.0	0.0
5	0.0	1.0	0.0	0.0
6	0.0	0.0	1.0	0.0
MOTIF SND1
PO	A	C	G	U
0	0.0	0.0	0.0	1.0
1	1.0	0.0	0.0	0.0
2	0.0	0.0	0.0	1.0
3	0.0	0.0	1.0	0.0
4	0.0	0.0	1.0	0.0
5	0.0	1.0	0.0	0.0
6	0.0	1.0	0.0	0.0
MOTIF SND1
PO	A	C	G	U
0	0.0	0.0	0.0	1.0
1	1.0	0.0	0.0	0.0
2	0.0	1.0	0.0	0.0
3	0.0	1.0	0.0	0.0
4	0.0	0.0	1.0	0.0
5	0.0	0.0	0.0	1.0
6	0.0	0.0	1.0	0.0
MOTIF SND1
PO	A	C	G	U
0	0.0	0.0	0.0	1.0
1	0.0	0.0	0.0	1.0
2	0.0	1.0	0.0	0.0
3	0.0	0.0	1.0	0.0
4	1.0	0.0	0.0	0.0
5	1.0	0.0	0.0	0.0
6	0.0	1.0	0.0	0.0
MOTIF SND1
PO	A	C	G	U
0	0.0	1.0	0.0	0.0
1	0.0	0.0	0.0	1.0
2	1.0	0.0	0.0	0.0
3	0.0	1.0	0.0	0.0
4	1.0	0.0	0.0	0.0
5	0.0	1.0	0.0	0.0
6	1.0	0.0	0.0	0.0
MOTIF SND1
PO	A	C	G	U
0	1.0	0.0	0.0	0.0
1	0.0	0.0	0.0	1.0
2	0.0	0.0	0.0	1.0
3	0.0	0.0	1.0	0.0
4	0.0	1.0	0.0	0.0
5	1.0	0.0	0.0	0.0
6	0.0	1.0	0.0	0.0
MOTIF SND1
PO	A	C	G	U
0	0.0	0.0	0.0	1.0
1	1.0	0.0	0.0	0.0
2	0.0	0.0	0.0	1.0
3	0.0	1.0	0.0	0.0
4	1.0	0.0	0.0	0.0
5	0.0	0.0	0.0	1.0
6	0.0	1.0	0.0	0.0
MOTIF SND1
PO	A	C	G	U
0	0.0	0.0	0.0	1.0
1	1.0	0.0	0.0	0.0
2	0.0	1.0	0.0	0.0
3	1.0	0.0	0.0	0.0
4	0.0	1.0	0.0	0.0
5	0.0	0.0	1.0	0.0
6	0.0	0.0	1.0	0.0
MOTIF SND1
PO	A	C	G	U
0	0.0	0.0	0.0	1.0
1	1.0	0.0	0.0	0.0
2	0.0	1.0	0.0	0.0
3	0.0	1.0	0.0	0.0
4	0.0	0.0	0.0	1.0
5	1.0	0.0	0.0	0.0
6	0.0	1.0	0.0	0.0
MOTIF SND1
PO	A	C	G	U
0	0.0	0.0	0.0	1.0
1	0.0	0.0	0.0	1.0
2	1.0	0.0	0.0	0.0
3	0.0	1.0	0.0	0.0
4	0.0	1.0	0.0	0.0
5	0.0	0.0	1.0	0.0
6	0.0	0.0	1.0	0.0
MOTIF SRSF1
PO	A	C	G	U
0	0.0	0.0	1.0	0.0
1	0.5	0.0	0.5	0.0
2	1.0	0.0	0.0	0.0
3	0.0	0.0	1.0	0.0
4	0.0	0.0	1.0	0.0
5	1.0	0.0	0.0	0.0
MOTIF SRSF7
PO	A	C	G	U
0	1.0	0.0	0.0	0.0
1	0.0	1.0	0.0	0.0
2	0.0	0.0	1.0	0.0
3	1.0	0.0	0.0	0.0
4	0.0	1.0	0.0	0.0
5	0.0	0.0	1.0	0.0
MOTIF SRSF9
PO	A	C	G	U
0	1.0	0.0	0.0	0.0
1	0.0	0.0	0.5	0.5
2	0.0	0.0	1.0	0.0
3	1.0	0.0	0.0	0.0
4	0.0	0.0	0.0	0.0
5	0.5	0.5	0.0	0.0
6	0.5	0.0	0.5	0.0
MOTIF SRSF9
PO	A	C	G	U
0	0.0	0.0	0.5	0.5
1	0.0	0.0	1.0	0.0
2	0.5	0.0	0.5	0.0
3	0.5	0.0	0.0	0.5
4	0.0	0.0	1.0	0.0
5	0.0	0.5	0.5	0.0
6	0.5	0.5	0.0	0.0
MOTIF SRSF9
PO	A	C	G	U
0	0.0	0.0	1.0	0.0
1	0.0	0.0	1.0	0.0
2	0.0	0.0	1.0	0.0
3	1.0	0.0	0.0	0.0
4	1.0	0.0	0.0	0.0
MOTIF SRSF9
PO	A	C	G	U
0	1.0	0.0	0.0	0.0
1	0.0	0.0	1.0	0.0
2	0.0	0.0	1.0	0.0
3	1.0	0.0	0.0	0.0
4	0.0	0.0	1.0	0.0
MOTIF TAF15
PO	A	C	G	U
0	0.0	0.0	1.0	0.0
1	0.0	0.0	1.0	0.0
2	0.0	0.0	1.0	0.0
3	0.0	0.0	0.0	1.0
4	1.0	0.0	0.0	0.0
MOTIF TAF15
PO	A	C	G	U
0	0.0	0.0	1.0	0.0
1	0.0	0.0	1.0	0.0
2	0.0	0.0	1.0	0.0
3	0.0	0.0	1.0	0.0
4	0.0	0.0	1.0	0.0
5	0.0	0.0	1.0	0.0
6	0.0	0.0	1.0	0.0
MOTIF TIA1
PO	A	C	G	U
0	0.0	0.0	0.0	1.0
1	0.0	0.0	0.0	1.0
2	0.0	0.0	0.0	1.0
3	0.0	0.0	0.0	1.0
4	0.0	0.0	0.0	1.0
5	0.0	0.0	0.0	0.0
6	0.0	0.0	0.5	0.5
MOTIF TIA1
PO	A	C	G	U
0	0.5	0.0	0.0	0.5
1	0.0	0.0	0.0	1.0
2	0.0	0.0	0.0	1.0
3	0.0	0.0	0.0	1.0
4	0.0	0.0	0.0	1.0
5	0.0	0.0	0.0	1.0
6	0.0	0.0	0.0	0.0
MOTIF TRA2A
PO	A	C	G	U
0	0.0	1.0	0.0	0.0
1	0.0	0.0	0.0	1.0
2	0.0	0.0	1.0	0.0
3	1.0	0.0	0.0	0.0
4	1.0	0.0	0.0	0.0
5	0.0	0.0	1.0	0.0
6	1.0	0.0	0.0	0.0
MOTIF U2AF1
PO	A	C	G	U
0	0.0	0.0	0.0	1.0
1	0.0	1.0	0.0	0.0
2	0.0	0.0	0.0	1.0
3	1.0	0.0	0.0	0.0
4	0.0	0.0	1.0	0.0
5	0.0	0.0	1.0	0.0
6	0.0	0.0	0.0	1.0
MOTIF U2AF1
PO	A	C	G	U
0	0.0	0.0	0.0	1.0
1	0.0	1.0	0.0	0.0
2	0.0	0.0	0.0	1.0
3	0.0	0.0	0.0	1.0
4	0.0	1.0	0.0	0.0
5	0.0	0.0	0.0	1.0
6	0.0	0.0	0.0	1.0
MOTIF U2AF1
PO	A	C	G	U
0	0.0	0.0	0.0	1.0
1	0.0	0.0	0.0	1.0
2	0.0	0.0	0.0	1.0
3	0.0	1.0	0.0	0.0
4	1.0	0.0	0.0	0.0
5	0.0	0.0	1.0	0.0
6	0.0	0.0	1.0	0.0
MOTIF U2AF1
PO	A	C	G	U
0	0.0	0.0	0.0	1.0
1	0.0	0.5	0.0	0.5
2	0.0	1.0	0.0	0.0
3	0.0	0.0	0.0	1.0
4	1.0	0.0	0.0	0.0
5	0.0	0.0	1.0	0.0
6	0.0	0.0	1.0	0.0
MOTIF U2AF1
PO	A	C	G	U
0	0.0	0.0	0.0	1.0
1	0.0	0.0	0.0	1.0
2	0.0	0.0	0.0	1.0
3	0.0	1.0	0.0	0.0
4	0.0	0.0	0.0	1.0
5	0.0	1.0	0.0	0.0
6	0.0	1.0	0.0	0.0
MOTIF U2AF1
PO	A	C	G	U
0	0.0	0.0	0.0	1.0
1	0.0	0.0	0.0	1.0
2	0.0	1.0	0.0	0.0
3	0.0	1.0	0.0	0.0
4	1.0	0.0	0.0	0.0
5	0.0	0.0	1.0	0.0
6	0.0	0.0	1.0	0.0
MOTIF U2AF1
PO	A	C	G	U
0	0.0	0.0	0.0	1.0
1	0.0	0.0	0.0	1.0
2	0.0	1.0	0.0	0.0
3	0.0	0.0	0.0	1.0
4	0.0	0.0	0.0	1.0
5	0.0	1.0	0.0	0.0
6	0.0	1.0	0.0	0.0
MOTIF U2AF1
PO	A	C	G	U
0	0.0	0.0	0.0	1.0
1	0.0	1.0	0.0	0.0
2	0.0	1.0	0.0	0.0
3	1.0	0.0	0.0	0.0
4	0.0	1.0	0.0	0.0
5	1.0	0.0	0.0	0.0
6	0.0	0.0	1.0	0.0
MOTIF U2AF1
PO	A	C	G	U
0	0.0	1.0	0.0	0.0
1	0.0	1.0	0.0	0.0
2	1.0	0.0	0.0	0.0
3	0.0	1.0	0.0	0.0
4	1.0	0.0	0.0	0.0
5	0.0	0.0	1.0	0.0
6	0.0	0.0	1.0	0.0
MOTIF U2AF2
PO	A	C	G	U
0	0.0	0.0	0.0	1.0
1	0.0	0.0	0.0	1.0
2	0.0	0.0	0.0	1.0
3	0.0	0.0	0.0	1.0
4	0.0	0.0	0.0	1.0
5	0.0	0.5	0.0	0.5
6	0.0	1.0	0.0	0.0
MOTIF UCHL5
PO	A	C	G	U
0	0.0	0.0	0.0	1.0
1	0.0	0.0	1.0	0.0
2	0.0	0.0	1.0	0.0
3	1.0	0.0	0.0	0.0
4	0.0	1.0	0.0	0.0
5	0.0	1.0	0.0	0.0
6	1.0	0.0	0.0	0.0
MOTIF UCHL5
PO	A	C	G	U
0	0.0	0.0	0.0	1.0
1	0.0	1.0	0.0	0.0
2	1.0	0.0	0.0	0.0
3	1.0	0.0	0.0	0.0
4	0.0	0.0	1.0	0.0
5	0.0	1.0	0.0	0.0
6	1.0	0.0	0.0	0.0
MOTIF UCHL5
PO	A	C	G	U
0	1.0	0.0	0.0	0.0
1	1.0	0.0	0.0	0.0
2	0.0	0.0	1.0	0.0
3	1.0	0.0	0.0	0.0
4	1.0	0.0	0.0	0.0
5	0.0	1.0	0.0	0.0
6	0.0	1.0	0.0	0.0
MOTIF UCHL5
PO	A	C	G	U
0	0.0	0.0	1.0	0.0
1	1.0	0.0	0.0	0.0
2	1.0	0.0	0.0	0.0
3	0.0	0.0	1.0	0.0
4	1.0	0.0	0.0	0.0
5	1.0	0.0	0.0	0.0
6	1.0	0.0	0.0	0.0
MOTIF UCHL5
PO	A	C	G	U
0	0.0	0.0	1.0	0.0
1	0.0	0.0	1.0	0.0
2	1.0	0.0	0.0	0.0
3	0.0	1.0	0.0	0.0
4	1.0	0.0	0.0	0.0
5	0.0	0.0	0.0	1.0
6	0.0	1.0	0.0	0.0
MOTIF UCHL5
PO	A	C	G	U
0	0.0	0.0	0.0	1.0
1	0.0	0.0	1.0	0.0
2	1.0	0.0	0.0	0.0
3	0.0	0.0	0.0	1.0
4	0.0	0.0	1.0	0.0
5	0.0	0.0	1.0	0.0
6	1.0	0.0	0.0	0.0
MOTIF UCHL5
PO	A	C	G	U
0	0.0	1.0	0.0	0.0
1	1.0	0.0	0.0	0.0
2	0.0	0.0	0.0	1.0
3	0.0	1.0	0.0	0.0
4	0.0	0.0	1.0	0.0
5	1.0	0.0	0.0	0.0
6	0.0	0.0	1.0	0.0
MOTIF UCHL5
PO	A	C	G	U
0	0.0	0.0	1.0	0.0
1	1.0	0.0	0.0	0.0
2	0.0	0.0	0.0	1.0
3	0.0	1.0	0.0	0.0
4	1.0	0.0	0.0	0.0
5	1.0	0.0	0.0	0.0
6	0.0	1.0	0.0	0.0
MOTIF UCHL5
PO	A	C	G	U
0	1.0	0.0	0.0	0.0
1	0.0	0.0	1.0	0.0
2	1.0	0.0	0.0	0.0
3	0.0	0.0	0.0	1.0
4	0.0	1.0	0.0	0.0
5	0.0	0.0	1.0	0.0
6	0.0	0.0	0.0	1.0
MOTIF UCHL5
PO	A	C	G	U
0	1.0	0.0	0.0	0.0
1	0.0	0.0	1.0	0.0
2	1.0	0.0	0.0	0.0
3	1.0	0.0	0.0	0.0
4	0.0	1.0	0.0	0.0
5	0.0	0.0	0.0	1.0
6	0.0	0.0	1.0	0.0
MOTIF UCHL5
PO	A	C	G	U
0	1.0	0.0	0.0	0.0
1	0.0	0.0	0.0	1.0
2	0.0	0.0	1.0	0.0
3	0.0	0.0	1.0	0.0
4	1.0	0.0	0.0	0.0
5	0.0	1.0	0.0	0.0
6	0.0	1.0	0.0	0.0
MOTIF UCHL5
PO	A	C	G	U
0	0.0	1.0	0.0	0.0
1	1.0	0.0	0.0	0.0
2	1.0	0.0	0.0	0.0
3	0.0	0.0	1.0	0.0
4	0.0	1.0	0.0	0.0
5	1.0	0.0	0.0	0.0
6	1.0	0.0	0.0	0.0
MOTIF UCHL5
PO	A	C	G	U
0	0.0	0.0	0.0	1.0
1	0.0	0.0	1.0	0.0
2	0.0	0.0	1.0	0.0
3	1.0	0.0	0.0	0.0
4	0.5	0.0	0.0	0.5
5	0.0	0.0	1.0	0.0
6	1.0	0.0	0.0	0.0
MOTIF UCHL5
PO	A	C	G	U
0	0.0	1.0	0.0	0.0
1	1.0	0.0	0.0	0.0
2	0.0	0.0	0.0	1.0
3	0.0	0.0	1.0	0.0
4	0.0	0.0	1.0	0.0
5	1.0	0.0	0.0	0.0
6	0.0	1.0	0.0	0.0
MOTIF UCHL5
PO	A	C	G	U
0	0.0	0.0	1.0	0.0
1	1.0	0.0	0.0	0.0
2	0.0	1.0	0.0	0.0
3	0.0	0.0	1.0	0.0
4	1.0	0.0	0.0	0.0
5	1.0	0.0	0.0	0.0
6	0.0	0.0	1.0	0.0
MOTIF XRCC6
PO	A	C	G	U
0	0.0	0.0	0.0	1.0
1	0.0	0.0	1.0	0.0
2	1.0	0.0	0.0	0.0
3	0.0	0.0	1.0	0.0
4	0.0	0.0	1.0	0.0
5	0.0	0.0	0.0	1.0
6	0.0	1.0	0.0	0.0
MOTIF XRCC6
PO	A	C	G	U
0	0.0	0.0	1.0	0.0
1	0.0	0.0	0.0	1.0
2	0.0	0.0	0.0	1.0
3	0.0	0.0	1.0	0.0
4	0.0	1.0	0.0	0.0
5	0.0	0.0	0.0	1.0
6	0.0	1.0	0.0	0.0
MOTIF XRCC6
PO	A	C	G	U
0	0.0	0.0	0.0	1.0
1	0.0	0.0	1.0	0.0
2	0.0	1.0	0.0	0.0
3	0.0	0.0	0.0	1.0
4	0.0	1.0	0.0	0.0
5	0.0	0.0	0.0	1.0
6	0.0	0.0	1.0	0.0
MOTIF XRN2
PO	A	C	G	U
0	0.0	0.0	1.0	0.0
1	0.0	0.0	1.0	0.0
2	0.0	0.0	1.0	0.0
3	0.0	1.0	0.0	0.0
4	0.0	0.0	1.0	0.0
5	0.0	1.0	0.0	0.0
6	0.0	0.0	1.0	0.0
MOTIF XRN2
PO	A	C	G	U
0	0.0	0.0	1.0	0.0
1	0.0	0.0	1.0	0.0
2	0.0	0.0	1.0	0.0
3	0.0	0.0	0.0	1.0
4	0.0	1.0	0.0	0.0
5	0.0	1.0	0.0	0.0
6	0.0	0.0	1.0	0.0
MOTIF XRN2
PO	A	C	G	U
0	0.0	0.0	1.0	0.0
1	0.0	0.0	1.0	0.0
2	0.0	0.0	1.0	0.0
3	0.0	0.0	1.0	0.0
4	0.0	1.0	0.0	0.0
5	0.0	0.0	1.0	0.0
6	0.0	1.0	0.0	0.0
MOTIF XRN2
PO	A	C	G	U
0	0.0	0.0	1.0	0.0
1	0.0	0.0	1.0	0.0
2	0.0	1.0	0.0	0.0
3	0.0	0.0	1.0	0.0
4	0.0	0.0	1.0	0.0
5	0.0	0.0	1.0	0.0
6	0.0	0.0	1.0	0.0
MOTIF XRN2
PO	A	C	G	U
0	0.0	0.0	1.0	0.0
1	0.0	0.0	1.0	0.0
2	0.0	0.0	1.0	0.0
3	0.0	0.0	1.0	0.0
4	0.0	0.0	1.0	0.0
5	0.0	0.0	1.0	0.0
6	0.0	1.0	0.0	0.0
MOTIF XRN2
PO	A	C	G	U
0	0.0	0.0	0.0	1.0
1	0.0	0.0	1.0	0.0
2	0.0	0.0	1.0	0.0
3	0.0	1.0	0.0	0.0
4	0.0	1.0	0.0	0.0
5	0.0	0.0	0.0	1.0
6	0.0	0.0	1.0	0.0
MOTIF XRN2
PO	A	C	G	U
0	0.0	0.0	1.0	0.0
1	0.0	1.0	0.0	0.0
2	0.0	0.0	1.0	0.0
3	0.0	0.0	1.0	0.0
4	0.0	0.0	1.0	0.0
5	0.0	0.0	1.0	0.0
6	0.0	0.0	1.0	0.0
MOTIF XRN2
PO	A	C	G	U
0	0.0	0.0	1.0	0.0
1	0.0	0.0	1.0	0.0
2	0.0	0.0	1.0	0.0
3	0.0	1.0	0.0	0.0
4	0.0	1.0	0.0	0.0
5	0.0	1.0	0.0	0.0
6	0.0	1.0	0.0	0.0
MOTIF XRN2
PO	A	C	G	U
0	0.0	0.0	1.0	0.0
1	0.0	0.0	1.0	0.0
2	0.0	0.0	1.0	0.0
3	0.0	0.5	0.0	0.5
4	0.0	1.0	0.0	0.0
5	0.0	1.0	0.0	0.0
6	0.0	1.0	0.0	0.0
MOTIF XRN2
PO	A	C	G	U
0	0.0	0.0	1.0	0.0
1	0.0	0.0	1.0	0.0
2	0.0	0.0	1.0	0.0
3	0.0	1.0	0.0	0.0
4	0.0	0.0	1.0	0.0
5	0.0	1.0	0.0	0.0
6	0.0	0.0	0.0	1.0
MOTIF XRN2
PO	A	C	G	U
0	0.0	1.0	0.0	0.0
1	0.0	1.0	0.0	0.0
2	0.0	1.0	0.0	0.0
3	0.0	0.0	1.0	0.0
4	0.0	0.0	1.0	0.0
5	0.0	0.0	1.0	0.0
6	0.0	0.0	0.5	0.5
MOTIF XRN2
PO	A	C	G	U
0	0.0	1.0	0.0	0.0
1	0.0	1.0	0.0	0.0
2	0.0	1.0	0.0	0.0
3	0.0	0.0	0.5	0.5
4	0.0	0.0	1.0	0.0
5	0.0	0.0	1.0	0.0
6	0.0	0.0	1.0	0.0
MOTIF XRN2
PO	A	C	G	U
0	0.0	1.0	0.0	0.0
1	0.0	0.0	1.0	0.0
2	0.0	0.0	1.0	0.0
3	0.0	0.0	1.0	0.0
4	0.0	0.0	1.0	0.0
5	0.0	1.0	0.0	0.0
6	0.0	0.0	1.0	0.0
MOTIF ZC3H11A
PO	A	C	G	U
0	1.0	0.0	0.0	0.0
1	1.0	0.0	0.0	0.0
2	0.0	0.0	1.0	0.0
3	1.0	0.0	0.0	0.0
4	1.0	0.0	0.0	0.0
5	0.0	0.0	1.0	0.0
6	1.0	0.0	0.0	0.0
MOTIF ZC3H11A
PO	A	C	G	U
0	0.0	0.0	1.0	0.0
1	1.0	0.0	0.0	0.0
2	0.0	1.0	0.0	0.0
3	0.0	0.0	1.0	0.0
4	1.0	0.0	0.0	0.0
5	1.0	0.0	0.0	0.0
6	0.0	0.0	1.0	0.0
